-6.182959303259849548e-02 4.074116349220275879e-01 2.151197940111160278e-02 -3.064281120896339417e-02
-1.492855697870254517e-01 -5.188006162643432617e-01 -2.945317514240741730e-02 3.433316946029663086e-01
-2.024146318435668945e-01 5.374843627214431763e-02 5.489533022046089172e-02 -2.526008188724517822e-01
1.614218652248382568e-01 6.097189784049987793e-01 -6.116448715329170227e-02 -4.825911819934844971e-01
-3.243811130523681641e-01 -1.355740427970886230e-01 7.732882350683212280e-02 -8.772103488445281982e-02
6.483215093612670898e-02 -3.379986584186553955e-01 -3.409823030233383179e-02 3.666126132011413574e-01
9.505861252546310425e-02 4.690205678343772888e-02 -5.412726849317550659e-02 -1.013147532939910889e-01
-2.297329008579254150e-01 6.046065688133239746e-01 5.154315009713172913e-02 -3.696430027484893799e-01
-3.064951598644256592e-01 4.202570319175720215e-01 5.803624168038368225e-02 -3.146134018898010254e-01
-2.644801735877990723e-01 -5.175689458847045898e-01 5.073934048414230347e-02 3.163326084613800049e-01
2.257799506187438965e-01 4.167472943663597107e-02 -7.758898288011550903e-02 1.419877167791128159e-02
-2.131418287754058838e-01 2.381254881620407104e-01 5.282193794846534729e-02 -3.083323538303375244e-01
-1.429265141487121582e-01 4.116421043872833252e-01 5.651719495654106140e-02 -1.241598948836326599e-01
5.238333716988563538e-02 -1.401752829551696777e-01 -4.724740609526634216e-02 1.408194843679666519e-02
-3.168668746948242188e-01 3.324676677584648132e-02 5.168467760086059570e-02 2.002688497304916382e-01
-9.312391281127929688e-02 -1.316966563463211060e-01 -5.320873111486434937e-03 -1.729598492383956909e-01
1.589958518743515015e-01 4.054162800312042236e-01 -5.041696131229400635e-02 1.337477844208478928e-02
1.736162453889846802e-01 4.155112206935882568e-01 -7.081631571054458618e-02 -2.097954750061035156e-01
2.173398137092590332e-01 3.492020815610885620e-02 -8.368205279111862183e-02 1.637556999921798706e-01
4.967894777655601501e-02 2.357129454612731934e-01 -6.741128861904144287e-03 -2.546396553516387939e-01
-2.504918575286865234e-01 4.117447435855865479e-01 5.231164768338203430e-02 -1.264289915561676025e-01
-6.618407368659973145e-02 2.349053770303726196e-01 3.727163374423980713e-02 -2.370111048221588135e-01
5.245374515652656555e-02 -3.381863236427307129e-01 -1.345993112772703171e-02 3.705313801765441895e-01
2.018678635358810425e-01 -3.402917683124542236e-01 -4.250019788742065430e-02 4.174122810363769531e-01
-2.007110863924026489e-01 5.537455528974533081e-02 6.021960824728012085e-02 -2.886325120925903320e-01
-2.218395285308361053e-02 5.300643667578697205e-02 1.230092719197273254e-03 -2.358084470033645630e-01
3.045850992202758789e-01 3.914295136928558350e-02 -1.180745884776115417e-01 7.050880044698715210e-02
-2.066315114498138428e-01 -1.575094312429428101e-01 5.856426060199737549e-02 3.970446884632110596e-01
7.581863552331924438e-02 4.349157810211181641e-01 -2.529373206198215485e-02 -6.374608278274536133e-01
2.180382162332534790e-01 2.311341911554336548e-01 -8.040694147348403931e-02 -1.541091799736022949e-01
-1.247287914156913757e-01 7.933447360992431641e-01 2.656496129930019379e-02 -5.211999416351318359e-01
-1.260266918689012527e-02 -5.070174336433410645e-01 1.715191267430782318e-02 8.326510339975357056e-02
-2.069579362869262695e-01 3.288185968995094299e-02 7.891707867383956909e-02 2.087350636720657349e-01
2.682375907897949219e-01 4.167335629463195801e-01 -1.074278131127357483e-01 -2.375956922769546509e-01
2.075862586498260498e-01 2.263507097959518433e-01 -8.500299602746963501e-02 -4.827896133065223694e-02
-4.744865000247955322e-02 2.333403527736663818e-01 1.957098208367824554e-02 -2.023480981588363647e-01
4.791504144668579102e-02 -3.331567645072937012e-01 -5.314062908291816711e-02 2.599408924579620361e-01
-2.396648563444614410e-02 -3.372048735618591309e-01 -2.340831561014056206e-03 3.488432466983795166e-01
-1.506632566452026367e-01 -1.264455169439315796e-01 7.749745249748229980e-02 -2.897307872772216797e-01
5.074875894933938980e-03 -1.413567364215850830e-01 -3.130517667159438133e-03 4.013634100556373596e-02
-3.350088372826576233e-02 6.017152667045593262e-01 1.422465592622756958e-02 -3.053123354911804199e-01
1.227072849869728088e-01 -3.161727786064147949e-01 -4.406616091728210449e-02 -1.151872724294662476e-01
-2.091482840478420258e-02 -5.234993100166320801e-01 -1.425689738243818283e-02 4.468693733215332031e-01
-3.267550468444824219e-01 2.305774688720703125e-01 5.334655940532684326e-02 -1.416045427322387695e-01
7.571398280560970306e-03 4.033949673175811768e-01 1.710298284888267517e-02 5.795121937990188599e-02
-3.071058355271816254e-02 -5.322934389114379883e-01 4.636033438146114349e-03 6.407871246337890625e-01
-8.394793421030044556e-02 -1.318700164556503296e-01 -4.381420090794563293e-03 -1.691350787878036499e-01
-3.242664337158203125e-01 -3.367026746273040771e-01 4.493771120905876160e-02 3.380228579044342041e-01
2.406789362430572510e-02 -5.262898802757263184e-01 -3.267370164394378662e-02 5.087144970893859863e-01
2.861666083335876465e-01 3.302278742194175720e-02 -1.073212847113609314e-01 2.062505185604095459e-01
2.798092663288116455e-01 -1.398904919624328613e-01 -8.806410431861877441e-02 7.844850420951843262e-03
4.802247509360313416e-02 3.883656859397888184e-02 -2.065618336200714111e-02 7.676371932029724121e-02
-9.091157466173171997e-03 4.032062292098999023e-01 -1.093270722776651382e-02 6.211030110716819763e-02
1.973776370286941528e-01 2.491047680377960205e-01 -5.345727875828742981e-02 -5.506532788276672363e-01
-3.512849509716033936e-01 -3.396685421466827393e-01 7.380776852369308472e-02 4.041418135166168213e-01
5.502042546868324280e-02 2.136469185352325439e-01 -2.404567040503025055e-02 2.321937084197998047e-01
-1.850135922431945801e-01 4.061923623085021973e-01 4.093602299690246582e-02 -3.767641726881265640e-03
9.599665552377700806e-02 -1.474040746688842773e-01 -5.615356191992759705e-02 1.738119572401046753e-01
1.030447613447904587e-02 -1.408443450927734375e-01 1.018586847931146622e-02 2.883443981409072876e-02
-2.044301182031631470e-01 3.480570018291473389e-02 6.602094322443008423e-02 1.660241037607192993e-01
-2.130110934376716614e-02 4.026663899421691895e-01 -1.962247118353843689e-02 7.403016090393066406e-02
8.000777661800384521e-02 2.370882332324981689e-01 -4.997915774583816528e-02 -2.852842211723327637e-01
-1.934166997671127319e-02 -1.421141773462295532e-01 9.319118544226512313e-05 5.684507638216018677e-02
-1.110625937581062317e-01 -7.057971358299255371e-01 7.336163520812988281e-02 4.577102363109588623e-01
-7.423797249794006348e-02 4.078915715217590332e-01 1.719995588064193726e-02 -4.122925177216529846e-02
-2.178644835948944092e-01 -7.117025852203369141e-01 9.421198628842830658e-03 5.868641734123229980e-01
-3.679063916206359863e-02 -8.977650403976440430e-01 2.644341066479682922e-02 6.798658370971679688e-01
-1.633499413728713989e-01 4.135473966598510742e-01 6.857860088348388672e-02 -1.663929671049118042e-01
2.006677389144897461e-01 5.667919293045997620e-02 -7.004812359809875488e-02 -3.175229132175445557e-01
1.815453916788101196e-01 -3.211634159088134766e-01 -4.719862341880798340e-02 -4.995313473045825958e-03
3.001168668270111084e-01 4.559363797307014465e-02 -1.052039787173271179e-01 -7.268563657999038696e-02
3.132702410221099854e-02 4.127555713057518005e-02 1.066357735544443130e-02 2.294965647161006927e-02
2.868270576000213623e-01 2.295026928186416626e-01 -1.031962707638740540e-01 -1.182656139135360718e-01
-2.885745167732238770e-01 2.698271349072456360e-02 5.831444263458251953e-02 3.387176096439361572e-01
-1.550789922475814819e-01 6.076241135597229004e-01 6.525074690580368042e-02 -4.366773962974548340e-01
-3.138481453061103821e-02 -3.281786143779754639e-01 -5.319510586559772491e-03 1.497266888618469238e-01
6.448498368263244629e-02 4.385653510689735413e-02 -1.041930541396141052e-02 -3.399394825100898743e-02
2.018013149499893188e-01 -1.373787671327590942e-01 -7.639858126640319824e-02 -4.772712290287017822e-02
2.729066647589206696e-03 -3.294432759284973145e-01 -3.022018820047378540e-02 1.777116954326629639e-01
1.437337719835340977e-03 -7.020003795623779297e-01 9.694401174783706665e-03 3.728756010532379150e-01
7.487589027732610703e-03 5.413006246089935303e-02 1.076255738735198975e-02 -2.606174051761627197e-01
3.500356525182723999e-02 2.312247157096862793e-01 -2.461851015686988831e-02 -1.556713283061981201e-01
5.542336776852607727e-02 7.928858399391174316e-01 -1.030664308927953243e-03 -5.108160972595214844e-01
5.520696565508842468e-02 2.359775304794311523e-01 -1.111573353409767151e-02 -2.604836225509643555e-01
6.664640456438064575e-02 4.341478645801544189e-02 -1.520623452961444855e-02 -2.425009943544864655e-02
-2.090470045804977417e-01 2.308440953493118286e-01 6.897287070751190186e-02 -1.475962549448013306e-01
-6.148596480488777161e-02 4.294755756855010986e-01 3.253141418099403381e-02 -5.177083611488342285e-01
2.234058976173400879e-01 -1.565824449062347412e-01 -8.124586194753646851e-02 3.773819506168365479e-01
-4.910468310117721558e-02 7.926131486892700195e-01 -5.251107271760702133e-03 -5.047958493232727051e-01
-3.600278198719024658e-01 -1.480329632759094238e-01 8.199974149465560913e-02 1.879747360944747925e-01
-2.040320076048374176e-02 5.307659134268760681e-02 4.840405657887458801e-03 -2.373607158660888672e-01
-1.403574738651514053e-02 -1.414127945899963379e-01 1.172614656388759613e-02 4.137555509805679321e-02
6.927631329745054245e-03 -1.352868527173995972e-01 -1.838107593357563019e-02 -9.377788752317428589e-02
-2.379387021064758301e-01 4.102894663810729980e-01 5.342882871627807617e-02 -9.428393095731735229e-02
-2.936028540134429932e-01 2.853406406939029694e-02 5.165982618927955627e-02 3.043421804904937744e-01
-6.550980359315872192e-02 -1.432581245899200439e-01 4.465348646044731140e-02 8.215531706809997559e-02
5.129686370491981506e-02 5.432365089654922485e-02 -4.194577783346176147e-02 -2.650814056396484375e-01
7.995431870222091675e-02 6.050310730934143066e-01 -1.800357736647129059e-02 -3.784448504447937012e-01
4.207519069314002991e-02 2.477554976940155029e-01 -1.209434680640697479e-02 -5.202894806861877441e-01
2.202742546796798706e-01 3.959374874830245972e-02 -7.369822263717651367e-02 6.022830680012702942e-02
-8.097947388887405396e-02 -1.482325792312622070e-01 5.387533083558082581e-02 1.920710355043411255e-01
3.023020178079605103e-02 6.017526388168334961e-01 -3.326467424631118774e-02 -3.062302470207214355e-01
2.034551948308944702e-01 -1.393729150295257568e-01 -6.997595727443695068e-02 -3.608308499678969383e-03
-6.910055875778198242e-02 4.023168683052062988e-01 -2.649747999384999275e-03 8.172489702701568604e-02
9.205494076013565063e-02 8.004040122032165527e-01 -2.557247318327426910e-02 -6.767495274543762207e-01
2.226608991622924805e-01 3.725009784102439880e-02 -8.348912000656127930e-02 1.121631562709808350e-01
-2.119106054306030273e-01 4.521472379565238953e-02 4.988271370530128479e-02 -6.402098387479782104e-02
1.791286468505859375e-01 7.970233559608459473e-01 -5.604505538940429688e-02 -6.028474569320678711e-01
4.387915134429931641e-02 -1.427238583564758301e-01 -8.995612151920795441e-03 7.028537243604660034e-02
-3.580783307552337646e-01 -1.456667035818099976e-01 8.189060539007186890e-02 1.356111168861389160e-01
2.313698083162307739e-01 4.387878999114036560e-02 -8.334341645240783691e-02 -3.458430245518684387e-02
2.434129118919372559e-01 6.073127388954162598e-01 -9.716211259365081787e-02 -4.306329190731048584e-01
1.309468597173690796e-01 -3.253955841064453125e-01 -3.012775070965290070e-02 8.842141926288604736e-02
1.354209519922733307e-02 -3.307231962680816650e-01 -2.249941043555736542e-02 2.059167027473449707e-01
1.110610514879226685e-01 4.034184813499450684e-01 -3.044842556118965149e-02 5.745256692171096802e-02
6.751470267772674561e-02 -1.514858305454254150e-01 -1.569123752415180206e-02 2.635965645313262939e-01
4.102467373013496399e-02 5.252590402960777283e-02 -7.589905057102441788e-03 -2.252220809459686279e-01
5.532237701117992401e-03 4.262182116508483887e-01 7.872780784964561462e-03 -4.455129802227020264e-01
2.648115903139114380e-02 4.261202812194824219e-01 -1.575155742466449738e-02 -4.433476626873016357e-01
1.405660156160593033e-02 6.212278604507446289e-01 -1.037479494698345661e-03 -7.357038855552673340e-01
8.421893417835235596e-02 4.907891154289245605e-02 -5.508082360029220581e-02 -1.493965685367584229e-01
-1.143741458654403687e-01 6.044979691505432129e-01 4.427872970700263977e-02 -3.670742511749267578e-01
2.242641448974609375e-01 -3.254011273384094238e-01 -5.858044698834419250e-02 8.864907920360565186e-02
5.465934798121452332e-02 1.805390045046806335e-02 -3.475812822580337524e-02 5.356228351593017578e-01
-3.214488029479980469e-01 2.290975302457809448e-01 5.386286228895187378e-02 -1.089092791080474854e-01
6.825274322181940079e-03 -1.413126885890960693e-01 1.149302115663886070e-03 3.916455432772636414e-02
-1.756337657570838928e-02 -1.419912725687026978e-01 3.757720580324530602e-03 5.413425341248512268e-02
1.417558789253234863e-01 -1.229675039649009705e-01 -3.888542577624320984e-02 -3.657127618789672852e-01
-9.382215142250061035e-02 4.427243769168853760e-02 7.228779047727584839e-02 -4.326792433857917786e-02
-4.278184473514556885e-02 3.794405236840248108e-02 1.552402041852474213e-02 9.644372761249542236e-02
7.550711929798126221e-02 -5.337484478950500488e-01 -4.757596924901008606e-02 6.738870739936828613e-01
-2.073991000652313232e-01 3.837906196713447571e-02 5.682448297739028931e-02 8.698880672454833984e-02
3.342502191662788391e-02 -7.022114992141723633e-01 -1.119102165102958679e-02 3.775688409805297852e-01
-2.176702618598937988e-01 4.687982425093650818e-02 5.938432365655899048e-02 -1.008542552590370178e-01
1.329462081193923950e-01 -5.119462013244628906e-01 -4.791048541665077209e-02 1.922161877155303955e-01
-1.686837077140808105e-01 -3.226385414600372314e-01 -2.692065946757793427e-02 2.752771601080894470e-02
-2.140180319547653198e-01 4.380965605378150940e-02 5.348176881670951843e-02 -3.299149125814437866e-02
-1.648756712675094604e-01 4.050238430500030518e-01 3.519549220800399780e-02 2.202610485255718231e-02
5.715832859277725220e-02 -1.436239033937454224e-01 -1.278505381196737289e-02 9.014524519443511963e-02
-1.768897473812103271e-01 6.007040739059448242e-01 4.086067155003547668e-02 -2.832589149475097656e-01
6.882981210947036743e-02 4.282600805163383484e-02 -2.047880925238132477e-02 -1.126157771795988083e-02
4.886927828192710876e-02 4.048355668783187866e-02 -7.549440953880548477e-03 4.041561111807823181e-02
-1.442558914422988892e-01 -3.203680813312530518e-01 7.794994115829467773e-02 -2.262433059513568878e-02
1.950691193342208862e-01 6.027282476425170898e-01 -6.810200214385986328e-02 -3.283310234546661377e-01
-3.255940973758697510e-01 6.064911931753158569e-02 8.545029908418655396e-02 -4.060736894607543945e-01
1.311087012290954590e-01 7.944914102554321289e-01 -3.419296443462371826e-02 -5.464581847190856934e-01
5.613090470433235168e-02 5.137123167514801025e-02 -8.790015242993831635e-03 -1.997519284486770630e-01
-3.629884719848632812e-01 4.582592099905014038e-02 8.575922995805740356e-02 -7.775559276342391968e-02
-1.225754544138908386e-01 4.100655317306518555e-01 4.606419056653976440e-02 -8.927302807569503784e-02
2.073633968830108643e-01 -3.237551748752593994e-01 -4.956166818737983704e-02 5.224912986159324646e-02
2.770114541053771973e-01 -3.336463272571563721e-01 -8.790720999240875244e-02 2.714949846267700195e-01
-8.658533543348312378e-02 -3.269289731979370117e-01 -7.764121517539024353e-03 1.221624314785003662e-01
-1.686400361359119415e-02 5.353905633091926575e-02 1.255365740507841110e-02 -2.475847154855728149e-01
-1.755435615777969360e-01 6.096813082695007324e-01 7.823202013969421387e-02 -4.826707839965820312e-01
-1.713183969259262085e-01 -3.265736699104309082e-01 6.482622772455215454e-02 1.145707741379737854e-01
-6.924349814653396606e-02 -1.457972973585128784e-01 4.122633859515190125e-02 1.381999552249908447e-01
-2.980900406837463379e-01 2.243584394454956055e-01 5.174397304654121399e-02 -4.207197111099958420e-03
-2.138111889362335205e-01 -3.394575417041778564e-01 6.005175411701202393e-02 3.991657197475433350e-01
2.980712354183197021e-01 -3.413221240043640137e-01 -1.029568910598754883e-01 4.422637224197387695e-01
-3.794838860630989075e-02 -1.329808831214904785e-01 -2.324976725503802299e-03 -1.446296721696853638e-01
-1.966638863086700439e-01 4.182169139385223389e-01 8.700174838304519653e-02 -2.700786292552947998e-01
-1.346936672925949097e-01 6.059107184410095215e-01 5.403399839997291565e-02 -3.984903395175933838e-01
8.474954217672348022e-02 4.271339252591133118e-02 -5.568484216928482056e-02 -8.773797191679477692e-03
6.579463183879852295e-02 -3.392836749553680420e-01 -1.861155964434146881e-02 3.947847485542297363e-01
1.648105680942535400e-01 -3.198139667510986328e-01 -4.184992238879203796e-02 -3.478764742612838745e-02
5.439320579171180725e-02 4.068789258599281311e-02 -1.183392200618982315e-02 3.590941056609153748e-02
-1.310316920280456543e-01 6.393060088157653809e-02 -1.191395102068781853e-03 -4.767914116382598877e-01
-7.341164164245128632e-03 2.313100248575210571e-01 7.047290564514696598e-04 -1.575121283531188965e-01
-2.167326658964157104e-01 2.411026507616043091e-01 5.736723914742469788e-02 -3.742262125015258789e-01
-3.208788037300109863e-01 5.632195994257926941e-02 5.601426586508750916e-02 -3.095289468765258789e-01
5.040765926241874695e-02 2.125845402479171753e-01 -3.987370058894157410e-02 2.557786107063293457e-01
1.531454622745513916e-01 4.138204455375671387e-01 -5.771903321146965027e-02 -1.722727715969085693e-01
-4.821823537349700928e-02 3.847917914390563965e-02 1.787816174328327179e-02 8.464106172323226929e-02
2.334262430667877197e-01 -3.269996941089630127e-01 -5.733508989214897156e-02 1.239692345261573792e-01
4.848124831914901733e-02 -1.416621655225753784e-01 -1.854855008423328400e-02 4.688216373324394226e-02
9.909784048795700073e-02 5.981607437133789062e-01 -2.590950019657611847e-02 -2.269462645053863525e-01
-1.088619008660316467e-01 5.978591442108154297e-01 1.614096201956272125e-02 -2.202658057212829590e-01
-2.235050648450851440e-01 4.884805157780647278e-02 7.055515050888061523e-02 -1.444625258445739746e-01
2.069850116968154907e-01 3.006251528859138489e-02 -9.043302386999130249e-02 2.715013027191162109e-01
8.917604386806488037e-02 -1.484773904085159302e-01 -5.998657643795013428e-02 1.975897550582885742e-01
-2.110063135623931885e-01 -1.505856066942214966e-01 4.860229417681694031e-02 2.439736276865005493e-01
-1.870676875114440918e-01 -5.244299173355102539e-01 6.710017472505569458e-02 4.682635068893432617e-01
2.810381948947906494e-01 2.994791790843009949e-02 -1.117924675345420837e-01 2.746523320674896240e-01
-2.057396620512008667e-01 2.514290809631347656e-01 7.228319346904754639e-02 -6.031791567802429199e-01
-7.118523120880126953e-02 -1.470127999782562256e-01 4.116639867424964905e-02 1.650331914424896240e-01
-5.474593862891197205e-02 -7.030202150344848633e-01 4.004072770476341248e-02 3.956241607666015625e-01
-2.013396620750427246e-01 -1.421126574277877808e-01 4.984331503510475159e-02 5.687939375638961792e-02
-1.284085959196090698e-01 -1.311554014682769775e-01 2.506610238924622536e-03 -1.849002689123153687e-01
2.268862426280975342e-01 -1.311051994562149048e-01 -5.485570803284645081e-02 -1.862369477748870850e-01
8.229625970125198364e-02 -3.394568562507629395e-01 -5.556048452854156494e-02 3.992258012294769287e-01
8.345856517553329468e-02 2.401142269372940063e-01 -5.142230540513992310e-02 -3.521241545677185059e-01
4.035733267664909363e-02 2.319717556238174438e-01 -2.514904737472534180e-02 -1.721569150686264038e-01
-1.975562870502471924e-01 -3.303169310092926025e-01 7.646545022726058960e-02 1.974618881940841675e-01
3.031351864337921143e-01 -1.509158313274383545e-01 -1.102567464113235474e-01 2.526385784149169922e-01
-3.162019252777099609e-01 2.275928705930709839e-01 5.569005385041236877e-02 -7.567249238491058350e-02
5.427227541804313660e-02 -1.553713083267211914e-01 -2.228366024792194366e-02 3.493813872337341309e-01
2.703385353088378906e-01 -1.373871564865112305e-01 -8.247730880975723267e-02 -4.756851121783256531e-02
2.765722572803497314e-01 2.232972681522369385e-01 -1.121797263622283936e-01 1.936300098896026611e-02
4.226525500416755676e-02 4.071201086044311523e-01 -3.938928246498107910e-02 -2.422097697854042053e-02
-3.259254097938537598e-01 2.523298263549804688e-01 6.847360730171203613e-02 -6.229672431945800781e-01
-6.880634278059005737e-02 -5.084885358810424805e-01 4.795321077108383179e-02 1.158294230699539185e-01
-1.622149646282196045e-01 -3.246331214904785156e-01 6.737241894006729126e-02 7.168968021869659424e-02
-1.531921774148941040e-01 -3.225820958614349365e-01 7.170283794403076172e-02 2.635248377919197083e-02
-2.017644494771957397e-01 3.058292157948017120e-02 8.193083107471466064e-02 2.596517503261566162e-01
3.999020438641309738e-03 5.379275977611541748e-02 1.932593178935348988e-03 -2.531555294990539551e-01
-2.075334787368774414e-01 2.367151230573654175e-01 4.666589573025703430e-02 -2.770750522613525391e-01
-7.476574182510375977e-02 -1.320195347070693970e-01 -3.579001175239682198e-03 -1.658363342285156250e-01
-3.310005068778991699e-01 -1.422480344772338867e-01 5.169817060232162476e-02 5.984261259436607361e-02
1.820543839130550623e-04 3.625371679663658142e-02 8.324690163135528564e-03 1.337247788906097412e-01
2.230986803770065308e-01 6.047442555427551270e-01 -8.750240504741668701e-02 -3.734230101108551025e-01
-2.626453936100006104e-01 6.076754927635192871e-01 6.106603890657424927e-02 -4.377195835113525391e-01
-3.321207463741302490e-01 2.320696413516998291e-01 5.414465814828872681e-02 -1.745825856924057007e-01
1.648710370063781738e-01 -7.175820469856262207e-01 -5.087003111839294434e-02 7.178207635879516602e-01
1.671041697263717651e-01 6.012236475944519043e-01 -5.014946684241294861e-02 -2.947793900966644287e-01
2.914171218872070312e-01 4.259402155876159668e-01 -1.055615842342376709e-01 -4.416401982307434082e-01
5.039590597152709961e-02 3.800297155976295471e-02 -3.012398444116115570e-02 9.518063068389892578e-02
1.991607099771499634e-01 -1.424769163131713867e-01 -4.989538341760635376e-02 6.495186686515808105e-02
1.963111758232116699e-01 5.332357063889503479e-02 -4.859634861350059509e-02 -2.430465072393417358e-01
-3.274793624877929688e-01 3.621627390384674072e-02 5.065300688147544861e-02 1.346776932477951050e-01
-8.064351044595241547e-03 3.615931794047355652e-02 -2.011364558711647987e-03 1.358046829700469971e-01
-2.225281000137329102e-01 2.428923696279525757e-01 6.766589730978012085e-02 -4.140788018703460693e-01
1.983759924769401550e-02 -1.407438963651657104e-01 3.247057320550084114e-03 2.661745436489582062e-02
-3.122770413756370544e-02 2.319990247488021851e-01 1.445518620312213898e-02 -1.727335304021835327e-01
-2.658772282302379608e-02 3.667320311069488525e-02 1.100051496177911758e-02 1.244742646813392639e-01
-4.857783764600753784e-02 -5.226680636405944824e-01 -1.409412734210491180e-02 4.285265803337097168e-01
-1.367024779319763184e-01 5.986841320991516113e-01 3.133623674511909485e-02 -2.385637611150741577e-01
2.266134321689605713e-01 2.378187179565429688e-01 -7.730500400066375732e-02 -3.019203245639801025e-01
-7.215944677591323853e-02 4.871067032217979431e-02 4.399034008383750916e-02 -1.411969810724258423e-01
6.747544556856155396e-02 2.142655700445175171e-01 -2.076131664216518402e-02 2.185229808092117310e-01
-1.991403987631201744e-03 2.313348799943923950e-01 2.623473701532930136e-04 -1.580604016780853271e-01
7.137484103441238403e-02 4.316469728946685791e-01 -3.866838663816452026e-02 -5.655384659767150879e-01
1.981214284896850586e-01 5.196386575698852539e-02 -4.563551396131515503e-02 -2.129934728145599365e-01
-2.812956571578979492e-01 -5.190969109535217285e-01 5.786745250225067139e-02 3.502007424831390381e-01
-2.050745338201522827e-01 3.977679461240768433e-02 4.842991754412651062e-02 5.608361586928367615e-02
4.125190526247024536e-02 -5.274814367294311523e-01 -4.794181138277053833e-02 5.354004502296447754e-01
1.392965316772460938e-01 -3.175159096717834473e-01 -4.619968309998512268e-02 -8.554021269083023071e-02
-1.596615761518478394e-01 -3.232722878456115723e-01 -2.258654125034809113e-02 4.150844365358352661e-02
2.912448048591613770e-01 -1.449054479598999023e-01 -9.411161392927169800e-02 1.189830005168914795e-01
-3.736615926027297974e-02 3.747288510203361511e-02 1.362686976790428162e-02 1.068358421325683594e-01
-1.567751914262771606e-01 5.996238589286804199e-01 3.563601523637771606e-02 -2.593477964401245117e-01
-3.516646027565002441e-01 4.312863945960998535e-01 7.104629278182983398e-02 -5.589818358421325684e-01
-7.306504994630813599e-03 -3.364621102809906006e-01 5.077084060758352280e-03 3.324531018733978271e-01
1.905256360769271851e-01 -3.223548829555511475e-01 -4.193884134292602539e-02 2.131274342536926270e-02
2.815754413604736328e-01 -1.422651410102844238e-01 -8.412086963653564453e-02 6.041565909981727600e-02
5.531942844390869141e-02 -1.432842463254928589e-01 -1.511302497237920761e-02 8.265469223260879517e-02
5.747313145548105240e-03 5.389806255698204041e-02 6.259021814912557602e-03 -2.554859817028045654e-01
2.999359369277954102e-01 2.324580699205398560e-01 -1.143943890929222107e-01 -1.840099990367889404e-01
-1.324075013399124146e-01 -5.197716951370239258e-01 -3.796045482158660889e-02 3.648853003978729248e-01
7.176075875759124756e-02 4.096780419349670410e-01 -1.639085635542869568e-02 -8.063597232103347778e-02
-2.068899720907211304e-01 5.751524865627288818e-02 7.901161164045333862e-02 -3.364211022853851318e-01
